128 128 122 122 122 128 122 122 128 122 122 122 128 122 122 130 128 122 130 128 130 122 122 128 128 122 128 120 122 122 128 122 128 122 128 128 128 122 128 122 128 128 128 122 122 122 122 122 128 122 122 122 128 128 122 128 122 128 122 128 122 128 128 128 122 122 130 122 122 122 128 122 122 128 122 128 128 122 122 122 122 128 128 122 128 128 122 130 122 128 128 128 128 122 122 122 128 128 122 128 
128 128 122 122 122 128 128 128 122 128 128 122 122 128 128 128 128 128 122 128 128 128 128 122 122 122 122 128 128 128 122 128 122 120 122 128 128 130 122 122 128 122 122 128 128 128 122 122 128 122 122 122 122 120 128 128 128 128 128 122 122 122 128 122 130 128 130 122 122 122 128 122 128 122 122 128 128 128 122 122 122 122 128 122 122 120 122 122 122 122 122 128 128 128 122 122 122 128 122 122 
128 122 122 128 128 122 128 120 122 128 122 128 122 128 122 128 122 122 128 128 128 128 122 128 128 128 122 128 128 122 122 122 128 128 128 122 122 128 122 128 128 128 122 128 122 128 122 128 130 122 122 128 128 128 128 128 122 122 128 130 128 122 128 122 122 128 128 128 120 128 122 122 128 122 128 122 122 128 128 128 128 122 122 128 128 128 130 128 122 122 128 128 130 122 128 122 122 122 122 122 
128 122 122 120 122 122 128 122 122 128 122 128 128 122 122 122 122 122 122 122 122 122 128 122 122 122 122 122 128 128 128 122 122 128 128 130 128 128 122 128 128 122 128 122 122 128 128 128 128 128 128 128 128 128 122 128 128 128 128 128 122 122 122 128 128 122 122 122 122 122 128 122 122 128 120 128 128 122 122 122 120 122 122 122 122 122 128 122 122 122 122 122 128 128 128 122 122 128 128 128 
128 128 128 128 122 122 128 128 128 128 128 122 128 122 122 128 130 128 128 128 122 128 122 122 128 122 128 122 122 128 128 128 128 122 122 128 128 128 122 130 122 122 122 122 128 128 122 128 122 122 128 128 128 122 122 122 120 128 128 122 122 128 122 122 128 122 122 122 122 122 130 122 130 128 128 128 122 122 128 128 130 128 128 122 128 128 128 128 122 128 130 122 128 122 122 128 122 128 128 122 
128 122 128 122 122 130 122 128 122 128 128 128 122 128 128 120 128 122 122 122 128 122 122 128 130 122 130 128 122 122 128 122 128 122 128 120 128 122 122 122 128 128 122 128 122 122 122 130 122 128 128 122 122 128 122 122 128 122 122 120 128 122 128 122 128 122 128 122 122 130 122 128 128 128 128 128 128 120 122 120 128 128 128 130 128 122 128 122 128 122 122 122 128 122 128 122 130 128 130 128 
122 130 128 128 128 128 122 130 122 128 128 128 128 122 128 120 128 128 130 128 130 128 122 128 122 128 128 128 128 122 128 122 128 128 120 122 120 122 120 122 128 120 122 122 122 128 122 128 122 128 128 130 128 130 122 128 122 128 128 128 128 122 128 122 128 122 122 128 128 122 122 122 128 130 122 128 128 122 128 122 128 120 122 122 122 128 128 128 122 128 128 128 128 120 128 128 128 122 122 120 
122 130 128 128 122 128 122 128 128 122 128 128 128 122 122 122 128 122 120 122 122 128 128 128 122 128 122 122 128 120 122 128 128 122 122 122 122 128 128 128 122 128 122 122 128 122 120 128 128 122 122 128 128 122 122 122 128 122 128 128 122 128 128 122 122 128 128 122 128 122 128 122 120 128 122 128 128 122 122 122 128 122 122 120 128 122 130 122 122 128 122 128 128 122 122 122 128 122 122 122 
128 120 128 128 130 122 128 122 122 128 122 128 128 122 128 122 128 122 122 122 128 122 128 122 122 128 122 128 128 120 128 120 128 120 122 122 128 122 128 122 122 128 122 128 128 122 128 122 128 122 122 122 128 122 128 122 122 128 122 128 128 122 128 122 128 122 122 122 128 122 128 122 122 128 122 128 128 122 128 122 128 122 122 122 128 120 128 120 128 122 122 128 128 130 128 128 122 122 128 122 
128 122 128 122 122 122 128 122 122 128 128 128 122 120 122 122 122 128 128 122 128 122 130 122 122 130 128 130 122 122 122 120 122 128 130 122 128 122 128 122 122 128 128 128 122 122 122 122 122 128 128 120 128 122 128 120 122 128 128 128 122 122 122 122 128 120 128 122 128 128 122 128 122 128 128 122 122 130 128 128 128 122 122 130 122 128 122 128 128 122 122 122 128 128 130 128 120 128 122 130 
128 122 128 122 122 128 122 128 128 128 122 128 128 128 128 128 128 128 128 128 122 128 122 122 122 128 122 122 122 122 122 122 122 128 128 128 120 128 120 122 120 122 128 122 120 122 122 122 122 128 128 128 122 128 122 122 122 122 128 122 122 122 122 122 122 128 122 128 128 122 128 122 120 128 122 122 122 122 122 122 122 128 128 128 122 128 122 122 122 120 128 128 128 128 128 128 128 122 128 122 
128 122 122 128 122 128 122 128 128 122 122 128 128 122 122 122 128 122 128 128 122 128 122 130 128 122 122 122 130 128 128 128 122 128 122 122 122 122 128 122 128 128 122 128 122 122 122 128 122 130 122 122 122 128 122 122 122 122 122 128 122 128 122 128 122 128 122 128 128 128 122 128 122 122 128 122 128 128 128 122 128 122 128 122 122 122 122 122 122 122 122 122 128 128 122 122 128 130 122 122 
122 128 122 130 128 122 128 128 128 128 122 120 128 122 122 120 122 128 128 122 128 122 128 128 122 122 128 128 122 128 130 128 122 122 128 128 128 128 128 128 122 128 122 120 122 122 128 120 128 128 122 128 128 122 122 128 122 122 128 128 122 128 128 128 128 122 128 122 122 122 128 130 128 128 122 122 128 122 122 122 122 128 128 122 128 128 122 120 128 128 122 122 128 122 122 122 130 128 122 122 
128 128 122 122 128 130 128 128 122 122 122 122 122 120 128 122 128 122 128 122 120 128 120 122 122 122 122 122 128 130 122 122 130 128 122 122 128 128 130 128 122 122 122 122 120 122 128 122 128 122 128 122 122 128 122 122 122 122 122 122 128 128 122 130 128 122 122 128 128 122 120 122 122 128 128 122 128 122 122 128 128 122 130 122 128 128 122 122 120 122 122 128 128 128 128 122 120 128 128 122 
128 122 122 122 120 122 122 128 122 130 122 130 122 122 128 122 122 128 128 128 122 122 122 122 128 122 122 128 122 128 128 128 122 120 128 128 122 130 128 122 122 122 122 128 122 130 128 128 128 122 128 122 122 122 122 128 122 128 122 128 122 128 122 128 122 122 122 122 128 122 122 130 128 122 122 128 122 122 122 120 122 122 122 128 130 128 130 122 130 122 128 122 128 122 130 122 128 128 128 122 
122 122 122 128 122 128 128 122 128 128 128 128 130 122 128 122 122 128 128 122 128 128 128 122 128 122 122 128 128 128 122 122 128 128 128 128 120 128 128 122 128 128 128 128 128 128 122 122 128 128 128 128 122 128 130 122 128 128 128 128 130 122 128 122 122 128 128 122 128 122 122 128 122 122 122 128 128 128 122 122 128 128 128 128 122 122 122 130 122 130 130 122 128 122 128 128 122 128 122 122 
122 128 128 128 128 128 128 128 128 130 122 122 128 128 128 128 122 128 122 122 122 128 128 130 130 122 120 128 128 122 128 128 122 128 122 128 128 120 128 128 122 122 120 122 128 122 128 122 128 128 128 122 122 122 122 120 128 122 128 128 128 128 128 122 122 122 128 122 128 130 128 122 122 128 122 122 122 120 128 122 128 128 128 122 122 128 128 128 122 128 122 122 120 122 122 128 128 128 122 128 
128 122 122 128 128 122 128 122 128 120 128 128 122 128 122 130 128 120 128 120 122 122 120 128 128 120 122 122 120 122 128 128 122 128 128 122 122 128 122 128 120 130 122 122 128 122 128 130 122 128 128 128 128 122 128 128 122 120 122 122 120 128 128 128 122 128 128 122 122 128 122 128 120 130 122 122 128 122 128 130 122 128 128 128 128 122 128 128 122 120 122 122 120 128 128 128 122 128 128 122 
122 122 128 122 122 122 122 122 128 122 128 130 128 128 128 122 122 122 128 122 128 128 128 122 122 122 122 122 128 128 122 122 128 122 128 128 128 122 122 122 128 122 130 122 122 128 128 122 122 128 120 122 122 128 122 128 128 128 128 128 122 122 128 128 122 130 122 122 122 50 50 50 50 50 50 50 50 50 50 50 50 50 50 50 50 50 50 50 50 50 50 50 50 52 50 50 50 50 50 50 
50 50 52 50 50 50 50 50 50 50 50 50 50 50 50 50 50 48 50 50 50 50 50 50 50 50 50 50 50 50 50 50 50 50 50 50 50 50 50 48 50 50 50 50 50 50 50 50 50 50 50 50 50 50 50 50 50 50 50 50 50 50 50 50 50 50 50 50 50 50 50 50 50 50 50 50 50 50 50 50 50 50 50 50 50 48 50 50 50 50 50 50 50 50 50 50 50 50 50 50 
50 50 50 50 52 50 50 50 50 50 48 50 50 50 50 50 50 50 50 50 50 50 50 50 50 50 50 50 48 50 50 50 50 50 50 50 50 50 50 50 50 50 50 48 50 50 50 50 50 50 50 50 52 50 52 50 50 50 50 50 50 50 50 50 52 50 50 50 50 50 50 50 50 50 50 50 50 50 50 50 50 50 50 50 50 50 50 50 50 50 50 50 50 50 50 50 50 50 50 50 
50 50 50 50 50 50 48 50 50 50 50 50 50 50 50 50 50 50 50 50 50 50 50 50 50 50 48 50 50 50 50 50 50 50 50 50 50 50 50 50 50 50 50 50 50 50 50 50 50 50 50 50 50 50 50 50 50 50 50 50 50 50 50 50 50 50 50 50 50 50 50 50 50 50 50 50 50 50 50 50 50 50 50 50 50 50 50 50 50 50 50 48 50 50 50 50 50 50 50 50 
50 50 50 50 50 50 50 50 50 50 50 50 48 50 50 50 50 50 50 50 50 50 50 50 50 50 50 50 50 50 50 50 50 50 50 50 50 50 50 50 50 50 50 50 50 50 50 50 50 50 50 50 50 50 50 50 50 50 50 50 50 50 52 50 50 50 50 50 50 50 50 50 50 50 50 50 50 50 50 50 50 50 52 50 50 50 48 50 50 50 50 50 50 50 50 50 50 50 50 50 
50 50 50 50 50 50 50 50 50 50 50 50 50 50 50 50 50 50 52 50 50 52 50 50 50 50 50 50 50 50 50 50 50 50 50 50 50 50 50 52 50 50 50 50 50 50 48 50 50 50 50 50 48 50 50 50 50 50 50 50 50 48 50 50 50 50 50 50 50 50 50 50 50 50 50 50 50 50 50 50 50 50 50 50 50 50 50 50 50 50 48 50 50 50 50 50 50 50 50 50 
50 50 50 50 50 50 50 50 50 50 50 50 50 50 50 50 50 50 50 50 50 50 50 50 50 50 50 48 50 50 50 50 50 50 50 50 50 50 50 50 50 50 50 50 50 48 50 50 50 52 50 50 50 50 50 50 50 50 50 50 50 50 50 50 50 50 50 50 50 50 50 50 50 52 50 50 50 50 50 50 50 50 50 50 50 50 50 50 50 50 50 50 50 50 50 50 50 50 50 50 
50 50 50 50 50 50 50 50 50 50 50 50 50 50 50 50 50 50 50 50 50 50 50 50 50 50 50 50 50 50 50 50 50 50 50 50 50 50 52 50 50 50 50 50 50 50 50 50 50 50 50 50 50 50 50 50 50 50 50 50 50 50 50 50 50 50 50 50 50 50 50 50 50 50 50 50 50 48 50 50 48 50 50 50 50 50 50 50 50 50 50 50 50 50 50 50 50 50 50 50 
50 50 50 50 50 50 50 50 50 50 50 50 50 50 50 50 50 50 50 50 50 50 52 50 50 50 48 50 50 50 50 50 50 50 50 50 50 50 50 50 50 50 50 50 50 50 50 50 50 50 50 50 50 50 50 50 50 50 50 50 50 50 50 50 50 50 50 50 50 50 50 50 48 48 50 50 50 52 50 50 50 50 50 50 50 50 50 50 50 50 50 50 50 50 48 50 50 48 50 50 
50 50 50 50 50 50 50 50 50 50 50 50 50 50 50 50 50 50 50 50 50 50 50 50 50 50 50 50 50 50 50 50 50 50 50 50 50 50 50 52 50 50 50 50 50 50 50 50 50 50 50 52 50 50 50 50 50 50 50 50 50 50 50 50 50 50 50 50 52 50 50 50 50 50 50 50 50 50 50 50 50 50 50 50 50 50 50 50 50 50 50 50 50 50 50 50 50 50 50 50 
50 50 50 50 50 50 50 50 50 50 50 50 50 52 50 50 50 50 50 50 50 50 50 50 50 50 50 50 50 50 50 50 50 50 50 50 50 50 48 50 50 50 50 50 50 50 50 50 50 50 50 50 50 50 50 50 50 50 50 50 50 50 50 50 50 50 50 48 50 50 50 50 50 50 50 50 50 50 50 50 50 50 50 50 50 50 50 50 50 50 50 50 52 50 50 52 50 50 50 50 
50 50 50 50 50 50 50 50 50 50 50 50 50 50 50 50 50 50 50 50 50 50 50 50 50 50 50 50 50 50 50 50 50 50 50 50 50 50 50 50 50 50 50 50 50 50 50 50 50 50 50 52 50 50 50 50 50 50 50 50 50 48 50 50 50 50 50 50 50 50 50 50 50 50 50 50 50 50 50 50 50 50 50 50 50 50 50 50 50 48 50 50 50 50 50 50 50 50 50 50 
50 50 50 50 50 50 50 50 50 50 50 50 50 50 50 50 50 50 50 50 50 50 50 50 50 48 50 50 50 50 50 50 50 50 50 50 50 50 50 50 50 50 50 50 50 50 50 50 50 50 50 50 50 50 50 50 50 50 50 50 50 50 50 50 50 50 50 50 50 50 50 50 50 50 50 50 50 50 50 50 50 52 50 50 50 50 50 50 50 50 50 50 50 50 50 50 50 50 50 50 
50 50 50 50 50 50 50 50 50 50 50 50 50 50 50 50 52 50 50 50 50 50 50 50 50 50 50 50 50 50 50 50 50 52 50 50 50 50 50 50 50 50 50 50 50 50 50 50 50 50 50 50 50 50 50 50 50 50 48 50 50 50 50 50 50 50 50 50 50 50 50 50 50 50 50 50 50 50 50 50 50 50 50 50 50 50 50 50 50 50 50 50 50 50 50 50 50 50 50 50 
50 50 50 50 50 50 50 50 50 50 50 50 50 50 52 50 50 50 50 50 50 50 50 50 50 50 50 50 50 50 50 50 50 50 50 50 50 50 50 50 50 50 50 50 50 50 50 48 50 50 50 50 50 50 50 50 50 50 50 50 50 50 50 50 50 50 50 50 50 50 50 50 50 50 50 50 50 50 50 50 50 50 50 50 50 50 50 50 50 50 50 50 52 50 50 50 50 50 50 50 
50 50 50 50 50 50 50 50 50 50 50 50 50 50 50 50 50 50 50 50 50 50 50 50 50 50 50 50 50 50 50 50 50 50 50 50 50 50 50 50 50 50 50 50 50 50 50 50 50 50 50 50 50 50 50 50 50 50 50 50 50 50 50 50 50 50 50 50 50 50 50 50 50 50 50 50 50 50 50 50 50 50 50 50 50 50 50 50 50 50 50 50 50 50 50 50 50 50 50 50 
50 50 50 50 50 50 50 50 50 50 50 50 50 50 50 50 50 50 52 50 50 50 50 50 50 48 50 50 50 50 48 50 50 50 50 50 50 50 50 50 50 50 50 50 50 50 50 50 50 50 50 50 50 50 50 50 50 50 50 50 50 50 50 50 50 48 50 50 50 50 50 50 50 50 50 50 50 50 50 50 50 50 50 50 50 50 50 50 50 50 50 50 50 50 50 50 50 50 50 50 
50 50 50 50 50 50 50 50 50 50 50 50 50 50 50 52 50 52 50 50 50 50 50 50 50 50 52 50 50 50 50 50 50 50 50 50 50 50 50 50 50 50 50 50 50 50 50 50 50 50 50 50 50 50 50 50 52 50 50 50 50 50 50 50 50 50 50 50 50 50 50 50 50 50 50 50 50 50 50 50 50 50 50 50 50 50 50 50 50 50 50 48 50 50 50 50 50 50 50 50 
50 50 50 50 50 50 52 50 50 50 50 50 50 50 50 50 50 50 50 50 50 50 50 50 50 50 50 50 50 50 50 50 50 50 50 50 50 50 50 50 50 50 50 50 50 50 50 50 50 50 50 50 50 50 50 50 50 50 50 50 50 50 50 50 50 50 50 50 50 50 50 50 50 50 50 50 50 50 50 50 48 50 50 50 48 50 50 50 50 50 50 50 50 50 50 50 50 50 50 50 
50 50 50 50 50 50 50 50 50 50 50 50 50 50 50 50 50 50 50 50 50 50 50 50 50 50 50 50 50 50 50 48 50 50 50 50 50 50 50 50 50 50 50 50 50 50 50 50 50 50 50 50 50 50 50 50 50 50 50 50 50 50 50 50 50 50 50 50 50 50 50 50 50 50 50 50 50 50 50 50 50 50 50 50 50 50 50 50 50 50 50 50 50 50 50 50 50 50 50 48 
50 50 50 50 50 50 50 50 50 50 50 50 50 50 50 50 50 50 50 50 50 50 50 50 50 48 50 48 50 48 50 50 50 50 50 50 50 50 50 50 50 50 50 50 52 50 50 50 50 50 50 50 50 50 50 50 50 50 50 50 50 50 50 50 50 50 50 50 50 50 50 50 50 50 50 50 50 50 50 50 50 50 50 50 50 50 50 50 50 52 50 50 50 50 48 50 50 50 50 50 
50 50 50 50 50 50 50 50 50 50 50 50 50 50 50 50 50 50 50 50 50 50 50 50 50 50 50 48 50 50 52 50 50 50 50 50 50 50 50 50 50 50 50 50 50 50 50 50 50 50 50 50 50 50 50 50 50 50 50 48 50 50 50 50 50 50 50 50 50 50 50 50 50 50 50 50 50 50 50 50 50 50 50 50 50 50 50 50 50 50 50 50 50 50 50 50 50 50 50 50 
50 50 50 50 50 50 50 50 50 50 50 50 50 50 50 50 50 50 50 50 50 50 50 50 50 50 50 50 50 50 50 50 50 50 50 50 50 50 50 50 50 50 50 50 50 50 50 50 50 50 50 50 50 50 50 50 50 50 50 50 50 50 50 50 50 50 48 50 50 50 50 50 50 50 50 50 50 50 50 50 50 50 50 50 50 50 50 50 50 50 50 50 48 50 50 50 50 50 50 50 
50 50 50 50 50 50 50 50 50 50 50 50 50 50 50 50 50 50 50 50 50 50 50 50 50 50 50 50 50 50 50 50 50 50 50 50 50 50 50 50 52 50 50 50 50 50 50 50 50 50 50 50 50 50 50 50 50 48 50 50 50 50 50 50 50 50 50 50 50 50 50 50 50 50 50 50 50 50 50 50 50 50 50 50 50 50 50 50 50 50 50 50 50 50 50 50 50 50 50 50 
50 50 50 50 50 50 50 50 50 50 50 50 50 52 48 50 50 50 50 50 50 50 50 50 50 50 48 50 50 50 50 50 50 50 50 50 50 50 50 50 50 50 48 50 50 50 50 50 50 50 50 50 50 50 50 50 50 50 50 50 50 50 50 50 50 50 50 50 50 50 50 50 50 50 50 50 50 50 50 50 50 50 50 50 50 50 50 50 50 50 50 50 50 50 50 50 50 50 52 50 
50 50 50 50 50 50 50 50 50 50 50 50 50 50 50 50 50 50 50 50 50 50 50 50 50 50 50 50 50 50 50 50 50 50 50 50 50 50 50 50 50 50 50 50 50 50 50 50 50 50 50 50 50 50 50 50 50 50 50 50 50 50 50 50 50 50 50 50 50 50 48 50 50 50 50 50 50 50 50 50 50 50 50 50 50 50 50 50 50 50 50 50 50 50 50 50 50 48 50 50 
50 50 50 50 50 50 50 50 50 50 50 50 50 50 50 50 50 50 50 50 50 50 50 52 50 50 50 52 50 50 50 50 50 50 50 50 50 50 50 50 50 52 50 50 50 50 50 50 50 50 50 48 50 50 50 50 50 50 50 50 50 50 50 50 50 50 50 50 50 50 50 50 50 50 50 50 50 50 50 50 50 50 50 52 50 50 50 50 50 50 50 50 50 50 50 50 50 50 50 50 
50 50 50 50 50 50 50 50 50 52 50 50 50 50 50 50 50 50 50 50 50 50 50 50 50 50 50 50 50 50 50 50 50 50 48 50 50 50 50 50 50 50 50 50 50 50 50 50 50 50 50 50 50 50 50 50 50 50 50 52 50 50 50 50 50 50 50 50 50 50 50 50 50 50 50 50 48 50 50 50 50 50 50 50 50 50 50 50 50 50 50 50 50 50 50 50 50 50 50 50 
50 50 50 50 50 50 50 50 50 50 50 50 50 50 50 50 48 52 50 50 50 50 50 50 50 50 50 50 50 50 50 50 50 50 48 50 50 50 50 50 50 50 50 48 50 50 50 50 50 50 50 50 50 50 50 50 50 50 50 50 50 50 50 50 48 50 50 50 50 50 50 50 50 50 50 50 50 50 48 50 50 50 50 50 50 50 50 50 50 50 50 50 50 50 50 50 50 50 50 50 
50 50 50 50 50 50 50 50 50 50 50 50 50 50 50 50 48 50 50 50 50 50 50 50 50 50 50 50 50 50 50 50 52 50 50 48 50 50 50 50 50 50 50 50 50 50 50 50 50 50 50 50 50 50 50 50 50 50 50 50 50 50 50 50 50 50 50 50 50 50 50 50 50 50 50 50 50 50 50 50 50 50 50 50 50 50 50 50 50 50 50 50 50 48 50 50 50 50 50 50 
50 50 50 50 50 50 50 50 50 50 50 50 50 50 50 50 50 50 50 50 50 50 50 50 50 50 50 50 50 50 50 50 50 50 50 50 50 50 50 50 50 50 50 50 50 50 50 50 50 50 52 50 50 50 50 52 50 50 50 50 50 50 50 50 50 50 50 50 50 50 50 50 50 50 50 50 50 52 50 50 50 50 50 50 50 50 50 50 50 50 50 50 50 50 50 50 50 50 50 52 
50 50 50 50 50 50 50 50 50 50 50 50 50 50 50 50 50 50 52 50 50 50 50 50 50 50 50 50 50 50 50 50 50 50 50 50 52 50 50 50 50 50 50 50 50 50 50 50 50 50 50 50 50 50 50 50 50 50 50 50 50 50 50 50 50 50 50 50 50 50 50 50 50 50 50 50 50 50 50 50 50 50 50 50 50 52 50 50 50 50 50 50 50 50 50 50 50 50 50 50 
